 -3.32392440e+01  3.49161744e+01
 -1.00736912e+01 -1.05697128e+01
 -3.09107835e+01  3.83920260e+01
 -4.28567792e+01  2.68136263e+01
 -3.23565900e+01  2.66661092e+01
 -3.04974025e+01  4.34654406e+01
 -3.64528332e+01  3.97586648e+01
 -3.02576875e+01  4.10634941e+01
 -2.49455424e+01  4.33296943e+01
 -3.31841851e+01  4.28497077e+01
 -3.43278478e+01  2.39257364e+01
 -3.42285525e+01  4.21443301e+01
 -4.38130846e+00  1.84932973e+01
 -3.37317433e+01  4.06526213e+01
 -4.17782215e+01  3.24776058e+01
 -3.15249876e+01  4.09068307e+01
 -4.39067819e+01  2.78141360e+01
 -3.26261985e+01  3.29952702e+01
 -2.67366952e+01  4.73355944e+01
 -3.23564348e+01  3.81976489e+01
 -3.51770536e+01  2.70632449e+01
 -3.42469714e+01  2.92806780e+01
 -3.23462932e+01  2.56957806e+01
 -4.10319657e+01  2.80368718e+01
  3.06029769e+01  2.44440120e+01
 -2.54612524e+01  3.33074729e+01
 -2.96428734e+01  3.40414584e+01
 -2.70051860e+01  3.31224084e+01
 -3.99059058e+01  2.88119733e+01
 -2.70470683e+01  3.53020903e+01
 -7.80227187e+00 -1.07018551e+01
 -7.25587397e+00 -1.23502023e+01
 -2.41291150e+01  3.27015793e+01
 -3.64741566e+01  2.81135922e+01
 -2.77468219e+01  3.85636007e+01
 -2.83225910e+01  4.05571760e+01
 -4.30587873e+01  3.41048115e+01
 -1.08372901e+01 -9.96814011e+00
 -3.44990540e+01  2.53640494e+01
 -4.21841848e+01  2.90916729e+01
 -2.56328430e+01  3.42560216e+01
 -2.62848391e+01  4.69735782e+01
 -3.22862298e+01  3.42168090e+01
 -3.29826104e+01  2.94311974e+01
 -3.90604786e+01  3.60268421e+01
 -3.19450536e+01  4.39393892e+01
 -3.49616094e+01  3.97624760e+01
 -3.95016866e+01  2.69562471e+01
 -3.51916122e+01  3.04188221e+01
 -3.72170492e+01  3.83198323e+01
  4.97898406e+01  6.84532243e+00
  4.06447958e+01  1.43387585e+01
  5.34302148e+01 -1.12366551e+00
  5.18730838e+01 -4.39206283e-01
  3.38999323e+01  2.15188715e+01
  3.73362729e+01  2.21359760e+01
  4.85471434e+01  7.76722026e+00
  4.62166633e+01  1.03499601e+01
  5.37080070e+01  1.74382165e+00
  3.57486404e+01  2.25160442e+01
  5.83348142e+01  2.49982429e+00
  4.47006724e+01  8.02478059e+00
  5.39298046e+01  2.06571620e-01
  5.46177260e+01  3.33910484e+00
  5.13607927e+01  3.02072926e+00
  4.65561086e+01  8.27012551e+00
  4.00375481e+01  1.66960832e+01
  3.56455061e+01  2.11390887e+01
  4.05819135e+01  1.05174995e+01
  5.77298779e+01  9.57445954e-01
  3.79603889e+01  1.82684037e+01
  3.77989062e+01  1.97945513e+01
  5.68388361e+01  3.35557914e+00
  3.82777119e+01  1.60244924e+01
  3.61366381e+01  2.38451413e+01
  3.93692717e+01  1.78724822e+01
  3.98204920e+01  1.92740582e+01
  4.60418057e+01  6.24060959e+00
  5.38146210e+01  4.86074751e+00
  2.65356841e+01  9.27952473e+00
  5.68369723e+01 -3.12542400e-01
  2.85971655e+01  1.03477601e+01
  2.86036816e+01  1.25125986e+01
  5.55456309e+01 -1.59401161e+00
  3.23513062e+01  2.30626467e+01
  4.83487221e+01  6.09408788e+00
  3.03011150e+01  1.11818861e+01
  3.62014088e+01  1.24982380e+01
  2.74209589e+01  1.06037855e+01
  4.95582130e+01  3.81915662e+00
  3.15732620e+01  9.99271481e+00
  2.72526282e+01  1.25178517e+01
  4.16483651e+01  1.74439990e+01
  5.27918448e+01  3.33094886e+00
  4.23271969e+01  9.48355139e+00
  4.48066044e+01  9.24022683e+00
  3.65509007e+01  1.79473956e+01
  5.21114679e+01  1.02207773e+00
  5.59865867e+01  1.58800425e+00
  5.12163176e+01  4.76257348e+00
 -1.12455143e+01  3.72807406e+01
 -2.67367224e+01  1.29542209e+01
 -5.04760849e+01 -1.33191976e+01
 -8.01826930e+00  4.06783531e+01
 -1.62012905e+01  3.00087135e+01
 -1.46247529e+00  3.65318697e+01
 -1.05320829e+01  3.68417452e+01
 -2.82628847e+01  3.24175721e+00
 -1.30501670e+01  3.15631008e+01
 -4.32276177e+01 -3.74458765e+00
 -4.33774540e+01 -4.66790850e+00
 -4.55843894e+00  3.86973757e+01
 -8.22491217e+00  3.46177222e+01
 -1.37452106e+01  3.94420632e+01
 -2.05563246e+01  5.81570568e+00
 -2.78421123e+01  1.67873087e+00
 -2.27899252e+01  4.38385179e+01
 -9.67437709e+00  4.07102327e+01
 -5.00698154e+00  3.92741583e+01
 -1.10117005e+01  3.43425579e+01
 -1.40543016e+01  3.22962434e+01
 -2.68973720e+01  1.38237271e+01
 -4.97479592e+01 -1.40536711e+01
 -2.79155549e+01  1.14997231e+01
 -7.21481223e-02 -4.80387124e+00
 -2.34047363e+01  8.69068729e+00
 -1.98969173e+01  3.09798297e+01
 -2.17323631e+01  5.68736657e+00
 -4.94476390e+00  1.73530823e+01
 -2.49079440e+01  6.16416349e+00
 -1.76630979e+01  3.18810077e+01
 -1.95627592e+01  2.36980855e+01
 -2.33533154e+01  6.07140541e+00
 -4.35341477e+01 -6.08667205e+00
 -2.59730271e+01 -2.33023560e+01
 -1.96121026e+01  3.00640494e+01
 -4.89261060e+01 -1.48595410e+01
 -1.48657536e+01  3.62483791e+01
 -2.65829067e+00  3.81179784e+01
 -2.81398434e+01  1.40963800e+01
 -1.10715425e+01  4.11242527e+01
 -1.24821897e+01  2.85734319e+01
 -1.40037387e+01  4.11450982e+01
 -3.08363510e+01  5.92031303e+00
 -1.25085674e+01  4.36619271e+01
 -1.24718935e+01  2.98350785e+01
 -1.33916405e+01  4.20567366e+01
 -1.25206981e+01  4.48282233e+01
 -1.25154632e+01  4.05459891e+01
 -2.80073822e+01  9.78574366e-01
 -2.40868130e+01 -3.21888490e+00
 -2.81967574e+01 -5.99618991e+00
 -2.11989888e+01 -6.19975190e+00
 -3.39308066e+01  2.67673870e+00
 -3.10226792e+01  5.07455390e+00
 -4.56436926e+01 -8.16430506e-01
 -3.05810297e+01 -6.95731750e+00
  8.82331282e+00 -2.61607666e+01
 -3.86615036e+01  2.80294461e+00
 -1.72324275e+01 -2.85686092e+00
 -1.73177298e+01 -4.34455570e+00
 -1.40786262e+01 -1.98191328e+00
 -1.32846028e+01  2.00640439e+00
  2.15593624e+01 -4.92412325e+01
 -1.51200415e+01 -1.45210842e+00
 -1.01901984e+01 -1.04760513e-01
 -2.38759770e+01 -5.46487896e+00
 -2.56269442e+01 -3.25491308e+00
 -1.29092851e+01  3.36350727e+00
 -1.27136085e+01 -7.05030496e-01
 -3.93353951e+01  3.65877337e+00
 -1.45632769e+01 -7.78195453e-02
 -4.75984467e+01 -1.57253569e+01
  4.12382062e+01 -1.01554045e+01
 -4.48308230e+01 -1.56058252e+01
 -2.53697367e+01 -1.57690551e+01
 -3.21229236e+01 -3.77970642e+00
 -3.19727238e+01 -1.16209181e+01
 -3.65943272e+01 -7.55413103e+00
 -9.63132456e+00  7.32925247e-02
 -2.86033179e+01 -8.38858370e+00
 -3.67177320e+01  5.26309374e-01
 -2.68691701e+01 -5.75785726e+00
 -3.88093299e+01 -1.23369626e-01
 -1.31597809e+01 -6.35330519e+00
 -3.80016047e+01 -1.48576954e+01
 -4.17921035e+01  1.08925243e+00
 -4.06431576e+01  1.47403417e+00
 -4.21770617e+01 -1.69031962e+01
 -3.60476694e+01  3.52074235e+00
 -3.23562120e+01 -1.06001848e+01
 -3.37215900e+01 -1.05402760e+01
 -3.54617539e+01  2.15431140e+00
 -3.76862389e+01  1.78367032e+00
 -3.25274037e+01 -2.26624089e+00
 -3.09199517e+01 -4.89416134e+00
  4.07361715e+01 -1.21640634e+01
 -4.17646734e+01  2.91840202e+00
 -2.97253957e+01 -2.37827757e+00
  4.23909888e+01 -9.19635572e+00
  8.59232853e+00 -3.51989579e+01
  2.92709990e+01 -4.10295411e+01
  1.71038513e+01 -3.02880488e+01
  3.19611741e+01 -4.34477230e+01
  2.59363962e+01 -3.99733959e+01
  1.43340525e+01 -1.87403160e+01
  1.63788062e+01 -3.05535645e+01
  3.01225645e+01 -7.39520026e+00
  6.30678872e+00 -4.63406314e+01
  3.65974272e+01 -3.67384065e+01
  2.36321135e+01 -6.43614472e+00
  1.60578239e+01 -3.50236329e+01
  2.04141574e+01 -7.97915981e+00
  2.07666535e+01 -2.71801944e+00
  1.34646931e+01  1.19910688e+01
  2.13031315e+01 -3.91155180e+00
  2.10316945e+01 -4.80131937e+00
  2.34836618e+01 -4.21802244e+00
 -4.06070257e+01 -2.24640942e+01
  1.08457871e+01 -1.89784519e+01
 -1.27062721e+01 -4.32624339e+01
 -1.34902812e+00 -7.09154037e+00
  8.93580982e+00 -1.36435610e+01
  1.09360540e+01 -3.19994579e+01
  8.42628431e+00 -1.48291152e+01
  1.70198985e+01 -3.38864553e+01
  7.63844622e+00 -4.90077760e+01
  1.01598321e+01 -1.49661110e+01
 -4.28906008e+00  2.73063886e+01
  9.56918380e+00 -3.81959588e+01
  6.82217078e+00 -4.73512222e+01
  1.20466891e+01 -1.96027168e+01
  1.10574196e+01 -2.04703063e+01
  1.92465596e+01 -9.92435048e+00
  8.98666274e+00 -3.13179638e+01
  1.23508089e+01 -3.41604804e+01
 -1.24598680e+01 -4.34813394e+01
  1.04081396e+00 -3.30914785e+01
  2.41227969e+01 -7.26552861e+00
  8.88965045e+00 -3.61620873e+01
  7.72911194e-01 -3.44182770e+01
  2.47184342e+01 -4.04440154e+01
  1.30983778e+01 -2.60185639e+01
  4.06503525e+00 -3.17230601e+01
  6.05316972e+00 -3.13441446e+01
  3.21880417e+01 -9.04400348e+00
  2.27946278e+01 -3.58587695e+01
  1.40123793e+01 -2.58486312e+01
  2.66400229e+00 -3.37993001e+01
  3.43728147e+00 -3.44524158e+01
 -1.79997666e+01  1.19522982e+00
  3.49893090e+01 -4.16555307e+01
 -3.88903820e+01  2.05948826e+01
  1.56860001e+01  3.10805228e+01
 -2.14005945e+01 -1.50446966e+01
  1.32302721e+01  2.94343357e+01
  1.56134139e+01  3.39659204e+01
  1.50909355e+01  2.97873184e+01
  6.47780236e+00  3.54759298e+01
 -3.67096554e+01 -4.53145740e+00
  2.13276943e+01  3.03732167e+01
 -1.96425116e+01 -1.32521553e+01
  1.55336688e+01  3.27568173e+01
  5.72363272e-01  4.00959260e+01
 -2.06506909e+01 -1.79595940e+00
  2.20201106e+01  3.05597908e+01
 -1.22606467e+01 -9.17958159e+00
  1.38226903e+01  3.07292177e+01
 -2.00187097e+01 -3.51557861e+00
  3.92450597e+00  2.80768758e+01
 -3.81881083e+01 -3.51876334e+00
  6.09606161e+00  2.80729818e+01
 -4.02352749e+01 -2.09104857e+01
 -2.24867216e+01  1.91329753e+01
  7.81621125e+00  2.84574239e+01
 -4.01871573e+01  9.20364788e+00
  6.45871638e+00  2.71603657e+01
 -2.01673190e+01 -2.52833658e+01
 -3.89564976e+01 -1.92555429e+01
 -3.60876211e+01 -5.89785853e+00
 -3.96918565e+01 -1.91892084e+01
 -1.62497495e+01 -6.47122651e+00
 -4.41727243e+01  1.18618173e+01
  8.08847353e+00  3.44480394e+01
 -1.44150435e+01 -4.72655015e+00
  8.82811738e+00  3.40924924e+01
 -4.17573677e+01  1.28662660e+01
 -2.06813824e+01 -2.74723299e+01
  1.31571892e+01  3.20482861e+01
 -4.41462361e+01  1.01187226e+01
 -4.14648358e+01 -1.79275889e+01
 -3.91421333e+01  1.24981432e+01
 -4.53750481e+01  2.89548827e+01
 -4.16797126e+01  1.46186195e+01
  8.34592875e+00  6.08233191e+00
  4.25018202e+01 -1.01609654e+01
 -4.12977292e+01  1.60130676e+01
 -4.39945892e+01  1.37134459e+01
 -4.32813620e+01  1.16521123e+01
 -4.03855215e+01  1.12769624e+01
 -1.17796283e+01  1.75387474e+01
 -4.84776019e+01  2.64224700e+01
  2.52374325e+00  1.04052781e+01
  4.06863498e+00  9.58079354e+00
 -3.64253533e+01  2.51891025e+01
 -1.17713394e+01  1.63362929e+01
 -1.41408036e+01  1.26946082e+01
  3.54806884e+01  1.22669238e+01
  6.88743081e+00  1.33017422e+01
  8.27351955e+00  6.68360146e+00
  9.17528629e+00  1.24109390e+01
  1.05349521e+01  1.30583915e+01
  7.78587414e+00  1.27709197e+01
 -1.82370511e+01  1.90099712e+01
  2.00616582e+00  9.41549726e+00
 -2.15452244e+01  1.93920370e+01
  4.98990441e-01  8.29089625e+00
 -1.39384018e+01  2.06328684e+01
 -4.49818875e+01  2.52873432e+01
  4.57296551e-02  1.02855254e+01
 -3.11159127e+00  2.57876950e+01
 -1.94725544e+01  2.19355772e+01
 -1.47082766e+01  1.54446913e+01
  1.44889717e+00  7.47579354e+00
 -2.43723728e+00  2.65008166e+01
  1.43999582e+00  2.80148053e+01
  2.83478234e+00  2.78943057e+01
 -1.28974681e+01  1.97831775e+01
 -1.22705141e+01  1.52646517e+01
  1.03173273e+01  1.12905288e+01
 -1.54861465e+01  2.12229771e+01
 -2.12000794e+01  2.81683945e+01
 -1.21225617e+01  2.07746939e+01
 -9.64762433e+00  9.33013398e+00
  1.58152612e+00  1.39669098e+01
 -4.90328645e+01  2.67101361e+01
  6.49994150e-01  1.49212399e+01
 -8.94252523e+00  1.21828265e+01
  1.19320579e+00  1.79056502e+01
 -2.34136179e+00  2.44881687e+01
  4.04419751e+00  1.56665871e+01
 -1.88720972e+01  2.03856454e+01
  1.43381390e-01  1.64085197e+01
  5.50406253e-01  1.95990280e+01
 -6.21285857e-01  7.66971070e+00
 -9.57463001e+00  9.84014910e+00
 -1.42410327e+01  1.63604706e+01
  2.60410185e+00  1.89853059e+01
  1.63964676e+00  1.67575292e+01
  3.16100237e+00  1.80719151e+01
  2.13089379e+01 -4.78373989e+01
  9.94226016e+00 -1.18718182e+01
  1.85008336e+01 -5.02072506e+01
  2.52338877e+01 -1.78390093e+01
  2.46081504e+01 -1.53645891e+01
  3.17828413e+01 -1.96669797e+01
  1.33212284e+01 -4.23392632e+01
  2.68333945e+01 -1.53638947e+01
  2.82335805e+01 -1.63791374e+01
  7.74352685e+00 -4.34398801e+01
  2.68332367e+01 -1.83815190e+01
  3.25534505e+01 -1.23183909e+01
  2.11385488e+01 -2.59772735e+01
  3.15305116e+01 -1.37105094e+01
  2.34812254e+01 -4.09975170e+01
  2.63182120e+01 -1.35555748e+01
  2.89693839e+01 -2.07974011e+01
  2.95090381e+01 -3.17424737e+01
 -1.29427225e+01 -2.57340950e+01
  3.16258666e+01 -3.73970145e+01
  2.77703218e+01 -1.35365628e+01
  1.77766340e+01 -4.63086164e+01
  1.76084500e+01 -2.55227616e+01
  2.54387551e+01 -1.93703984e+01
  2.03567605e+01 -2.68282107e+01
  5.79361330e+00 -4.23532701e+01
  1.64333261e+01 -4.38725496e+01
  3.33290957e+01 -1.93313452e+01
  2.25138404e+01 -1.05093163e+01
  1.66436129e+01 -4.24733870e+01
  7.68206000e-01 -1.81831923e+01
  6.72391821e+00 -1.49545271e+01
  8.10887251e-01 -2.02708031e+01
  1.58369389e+00 -2.10821054e+01
  2.80339791e+00 -1.77255791e+01
  1.99760921e+00 -1.63395135e+01
  3.14319032e+01 -2.13523510e+01
 -1.40762120e+00 -1.83057742e+01
  2.82345499e+01 -1.94663829e+01
  2.07300903e+01 -4.65538259e+01
  9.36581918e-01 -1.72264044e+01
  4.89485759e-01 -1.57000756e+01
  3.18074463e+01 -2.56461217e+01
  2.46112295e+01 -2.29574890e+01
  1.80796428e+01 -4.02751146e+01
  2.74929374e+01 -2.22559900e+01
  1.92456088e+01 -4.72077827e+01
  3.08570320e+01 -1.89588454e+01
  2.98012700e+01 -2.28244741e+01
  3.14735557e+01 -2.47500466e+01
  2.43889574e+01  1.75281487e+01
 -4.34453851e+01 -1.55099362e+01
  2.66076751e+01  1.61418373e+01
 -1.13089299e+01 -1.76771890e+01
 -2.11729454e+01 -2.38358906e+01
  2.04532064e+01  2.24984535e+01
  2.69633272e+01  1.86728344e+01
  1.24910292e+01 -3.57480995e+01
 -1.98288361e+01 -8.34303837e+00
  2.63109448e+01  2.05224041e+01
  2.04324820e+01  2.83495380e+01
  2.75719791e+01  1.94469176e+01
  1.77202027e+01  2.43878734e+01
 -1.56370729e+01 -1.52378262e+01
  2.19396707e+01  2.68283222e+01
  2.40704843e+01  1.56062255e+01
 -7.94880436e+00 -1.44999959e+01
  3.07381828e+01  2.23238946e+01
  2.31856956e+01  1.98358723e+01
  2.55288259e+01  1.88072237e+01
  2.12495787e+01  2.24388949e+01
 -3.13807559e+00 -2.48977775e+01
  3.60024329e+01 -3.42220220e+01
  7.71749526e+00 -5.25580372e+00
  2.88817567e+01  1.53549488e+01
 -1.66306924e+01 -1.39753864e+01
 -1.38730243e+01 -1.42931547e+01
 -1.98713400e+01 -9.37377288e+00
 -1.29578953e+00 -2.48472857e+01
 -1.54054337e+00 -2.39553924e+01
 -2.10264369e+01 -1.90441695e+01
  4.89786408e+01  1.77098235e+00
 -2.23101192e+01 -1.96960652e+01
 -2.44657313e+01 -2.39226665e+01
 -2.28401260e+01 -2.42239389e+01
 -1.55561920e+01 -1.29461044e+01
 -1.48517744e+01 -1.14603591e+01
  1.89302840e+01  2.15859764e+01
  3.44080669e+01 -3.78880001e+01
 -3.86178572e+01 -1.49894892e+01
 -2.43149959e+01 -1.99197119e+01
 -1.94862295e+01 -5.92599934e+00
 -1.25872700e+01 -1.64740927e+01
 -1.40733734e+01 -1.66992648e+01
 -1.76676377e+01 -1.53458594e+01
 -1.96512375e+01 -1.55227698e+01
 -4.64004206e+01  1.10805043e+01
 -1.92494235e+01 -2.17241581e+01
 -2.02077403e+01 -2.00151591e+01
 -1.95349633e+01 -1.86137387e+01
  2.95185555e+01 -3.57151246e+01
  1.25505457e+01 -4.70625968e+01
  2.82056161e+01 -3.45681494e+01
 -2.59141955e+01  2.82328615e+01
 -2.45876849e+01  2.68582703e+01
  2.37793420e+01 -1.85776536e+01
  3.00840144e+01 -3.94897605e+01
  1.44037747e+01 -2.40451054e+01
  2.84701480e+01 -1.15856440e+01
  2.71834646e+01 -1.08941211e+01
  1.49964459e+01 -4.64550335e+01
  3.37524122e+01 -3.42299672e+01
  2.88800591e+01 -4.24703432e+01
  1.22696273e+01 -4.79774449e+01
  3.08390889e+01 -3.12434968e+01
  2.93690282e+01 -1.05633235e+01
  2.81982527e+01 -4.42058293e+01
  3.24109785e+01 -3.95067886e+01
  3.41368174e+01 -3.28146643e+01
  2.20588943e+01 -1.82095652e+01
  1.92667627e+01 -2.10504225e+01
 -5.57171604e-01 -6.39306324e+00
  7.31447381e+00 -2.99242664e+01
  1.17625927e+01 -4.23200011e+01
  9.85360630e+00 -4.52650984e+01
  2.75856895e+01 -9.58107081e+00
  2.76262623e+01 -3.72643913e+01
  2.10122639e+01 -1.98205316e+01
  2.84375135e+01 -3.14141447e+01
  1.62812525e+00 -2.48714224e+01
  1.02992689e+01 -2.77837946e+01
  5.83603009e+00 -1.99883527e+01
  6.45852839e+00 -2.29718965e+01
  5.55347259e+00 -2.28486071e+01
  2.93473706e+01 -9.06733701e+00
  3.24490864e+01 -4.11729271e+01
  1.07334987e+01 -4.79686276e+01
  5.01722172e+00 -2.11734555e+01
  2.99354239e+01 -4.39193710e+01
  3.11748252e+01 -4.09923934e+01
  1.07243471e+01 -3.05592184e+01
  2.31314217e+01  2.61787696e+01
  1.30042711e+01 -2.93053271e+01
  3.38769138e+01 -3.62434779e+01
  1.08262456e+01 -4.60472907e+01
  1.59285135e+01 -2.57873185e+01
  2.13181540e+01 -3.46477726e+01
  1.74028394e+01 -2.29066278e+01
  2.49678194e+01 -1.02063855e+01
  1.29947005e+01 -3.12029124e+01